{"top_genres": ["Drama", "Comedy", "Thriller", "Romance", "Action", "Crime", "Horror", "Documentary", "Adventure", "Sci-Fi"], "cooccurrence": [[13344, 2546, 1868, 2573, 1203, 1712, 450, 121, 690, 352], [2546, 8374, 390, 1895, 719, 692, 395, 126, 601, 316], [1868, 390, 4178, 262, 1109, 1232, 1073, 12, 304, 459], [2573, 1895, 262, 4127, 268, 242, 72, 13, 294, 99], [1203, 719, 1109, 268, 3520, 767, 270, 11, 972, 641], [1712, 692, 1232, 242, 767, 2939, 161, 40, 147, 51], [450, 395, 1073, 72, 270, 161, 2611, 19, 80, 451], [121, 126, 12, 13, 11, 40, 19, 2471, 46, 11], [690, 601, 304, 294, 972, 147, 80, 46, 2329, 384], [352, 316, 459, 99, 641, 51, 451, 11, 384, 1743]], "genre_counts": {"Drama": 13344, "Comedy": 8374, "Thriller": 4178, "Romance": 4127, "Action": 3520, "Crime": 2939, "Horror": 2611, "Documentary": 2471, "Adventure": 2329, "Sci-Fi": 1743, "Mystery": 1514, "Fantasy": 1412, "War": 1194, "Children": 1139, "Musical": 1036, "Animation": 1027, "Western": 676, "Film-Noir": 330, "IMAX": 196}, "all_genres": ["Action", "Adventure", "Animation", "Children", "Comedy", "Crime", "Documentary", "Drama", "Fantasy", "Film-Noir", "Horror", "IMAX", "Musical", "Mystery", "Romance", "Sci-Fi", "Thriller", "War", "Western"]}